152.6982055344067,-28.096332698856497,153.07977905741234,-28.192605899965276
152.62728121784951,-28.40469996088353,153.00986895057844,-28.501221661933034
152.55032339979098,-28.70581625997107,152.9339095356281,-28.80260581503611
152.47253124146243,-29.00673730613478,152.8571295304368,-29.103799565148492
152.39389021669575,-29.30744576869909,152.7795144510866,-29.404785663139226
152.31485418548868,-29.608165838983314,152.70151956237595,-29.70578701963921
152.23529444602707,-29.90885723640889,152.62301606325406,-30.006763734724462
152.15520927774315,-30.20953702628197,152.54400247049318,-30.307732891305037
152.0740833423589,-30.50986798976989,152.4639617704511,-30.608358824746226
151.99316882394115,-30.81058434868581,152.38415047708241,-30.90937203259212
151.9105477424221,-31.11056653621625,152.3026443460899,-31.209658735475067
151.82819416872732,-31.410862387351834,152.22142386782843,-31.51026081860664
151.74489790555032,-31.71068770705627,152.13927454750626,-31.81039778071118
151.66049186566119,-32.010737289200684,152.05603218277756,-32.110764956018684
151.57579131664346,-32.31061690681728,151.9725114405792,-32.410965632175646
151.49089104373542,-32.61030748627528,151.88880731555287,-32.71098042829749
151.40421377947877,-32.9098424300641,151.80334110720864,-33.01084773860243
151.31732624873555,-33.20921639713372,151.71768143157644,-33.31055730737362
151.23001496182124,-33.50846537184966,151.6316149234497,-33.61014578930443
151.14151191546304,-33.8077707800705,151.54437373019724,-33.90979709839991
151.0523541748797,-34.10682092016829,151.45649429112257,-34.20919783742926
150.96234228881687,-34.40600922364461,151.36777898176027,-34.50874209715296
150.8716135154751,-34.70447115076684,151.2783612670347,-34.80756493517076
150.78003805057767,-35.00342441880468,151.18811728777638,-35.10688448207513
150.68768414256417,-35.30224030946171,151.09711256308424,-35.40607183344092
150.5945549681837,-35.60034672191355,151.0053475746645,-35.70455491482009
150.50056393538486,-35.89901702056517,150.9127422887632,-36.00360736406891
150.40541861863352,-36.19713558820555,150.81899842057786,-36.30211462816184
150.3096644849091,-36.49505826688674,150.72466417493587,-36.60043069194853
150.2131477405669,-36.79311434540656,150.6295875548297,-36.898885373057105
