151.55731879814059,-37.02233032567402,151.13982289001294,-37.12857648509701,1235.374595783111
151.53564732160243,-36.95174592663915,151.11850064147163,-37.05790387231503,9.860479230098889
151.5162273509923,-36.89236980903039,151.0993710401594,-36.99844715391136,7.329416514156548
151.49657276122502,-36.832571410946365,151.08000795163343,-36.93856745347069,28.138343810872385
151.47731916501394,-36.77321614084968,151.06104317567275,-36.87913236871847,4.007835068599407
151.45824320364977,-36.71376175639449,151.04225598310364,-36.81959889299008,26.883939014617663
151.4383044714091,-36.654013730028694,151.0226055959643,-36.75976888766436,32.05882317884295
151.41936753216922,-36.594740501103985,151.00395499110954,-36.700417249582074,14.36893982214307
151.39976977514323,-36.53512084036197,150.9846437056806,-36.64071700089106,23.175052202928377
151.380634570764,-36.475501745702104,150.96579477042684,-36.58101902563448,13.504022728940464
151.36129383200264,-36.41583064115835,150.94673947864317,-36.52126843420189,29.166979472710675
151.34241622272668,-36.35637231462984,150.9281459912202,-36.46173231719646,0.8862599841628928
151.32330342501146,-36.296784802645924,150.90931686818266,-36.4020663088827,2.631409151775975
151.30400377524126,-36.23719335303669,150.89029985152922,-36.34239582296081,17.46241192450475
151.2852316176721,-36.17756203944389,150.87181042432482,-36.28268739314573,12.146585885164255
151.26654813023026,-36.11794627980345,150.85340889004203,-36.22299492185592,40.92240666380015
151.24731071815134,-36.05856587225605,150.83445066521563,-36.16353599583702,21.293337262634267
151.22816125890242,-35.99884707673396,150.81558146883467,-36.10373909950616,0.7095343936375474
151.20932326426117,-35.93924622399429,150.79702272863852,-36.04406131226893,6.631474940706692
151.1903189617213,-35.87970141922576,150.7782963721873,-35.98443910572631,9.33574810444324
151.17141882763303,-35.82006364310073,150.7596740018173,-35.92472439035811,10.783743998336153
151.15271376144116,-35.76035242245646,150.7412465317438,-35.86493700077246,3.712507114346828
151.13364491327627,-35.70071538515424,150.72245363032536,-35.8052226570583,25.391084547315256
151.11507149357305,-35.641154935309714,150.70415561393784,-35.74558668678222,10.073896276441094
151.0968030562719,-35.581640867949744,150.68616194540695,-35.685998233373645,35.68963867515951
151.07736252850438,-35.5218114541733,150.6669954940011,-35.62609057271049,38.32325812852463
151.05887050467817,-35.462225340000245,150.64877674094123,-35.56642952217227,24.7885360294067
151.0404349969429,-35.40251966792203,150.63061439408781,-35.506649209984516,8.537110632410165
151.02186919245696,-35.34275417087147,150.61232109909454,-35.44680873658585,14.769063076111381
151.00359528525178,-35.28321948160342,150.59431812850195,-35.38720014971651,17.24574859152241
150.9848333457184,-35.22342717415454,150.57582701898346,-35.32733241172621,12.977414841998907
150.9665835342551,-35.16392822104917,150.5578464400619,-35.26775984426224,17.012893486190947
150.94815076137814,-35.104341827501244,150.5396823317982,-35.2080993262256,24.582429353621183
150.9295063160274,-35.044408602438224,150.5213072338406,-35.148091381323795,10.205367913493724
150.91129992892812,-34.984899640005075,150.50336786585967,-35.08850925598556,15.57232270145766
150.8928949006646,-34.92514947907571,150.48523003169137,-35.0286853774509,7.538888488874027
150.87462655355498,-34.86571069086689,150.46722674798312,-34.96917342120979,36.0741867705104
150.8561428979263,-34.80584679693377,150.4490092129947,-34.909235757735736,19.99116752418808
150.83794995348444,-34.74613449346955,150.43108123919689,-34.849450751494615,18.114864139213058
150.82005469134256,-34.68640444392045,150.41345063697585,-34.78964909044513,29.546288895852882
150.80167040450075,-34.62649789180064,150.39533050345358,-34.729669410324234,7.681360253318074
150.78329970789287,-34.56672518590933,150.37722256506981,-34.66982372192345,16.708327922276066
150.76551660600276,-34.50705067726604,150.35970170654932,-34.610078275342204,17.314873291546775
150.7470055453635,-34.44740460251779,150.3414511100927,-34.55035895780736,23.054336969274566
150.72913654822213,-34.387557188906996,150.32384357444718,-34.49044053096664,6.511184465382127
150.711006634773,-34.327822157888285,150.30597351224472,-34.43063372516696,14.82246709088535
150.69353107506845,-34.26818060277299,150.2887573971159,-34.370922647016044,34.40597956220486
150.67489236460736,-34.20837934426778,150.27037674394197,-34.3110481499817,29.650761767985518
150.65750350841213,-34.14859477413608,150.25324662079703,-34.251194546332904,20.667960817872324
150.63908937448633,-34.088927404874404,150.23508869016598,-34.19145488184053,29.94117826110559
150.62190660276366,-34.02899286689729,150.21816411331196,-34.131452188084346,36.63671561111995
150.603878527808,-33.969559766758685,150.2003901180809,-34.07194825468874,37.88976245731866
150.58586273708815,-33.90944473221416,150.18263089274708,-34.01176255156742,4.081129126860671
150.56851128062692,-33.84968959841118,150.16553435679398,-33.95193900420472,38.409033131143715
150.55025512453506,-33.78987475277732,150.14753159591956,-33.892052906085105,9.526881614099572
150.53258089943253,-33.729933802947066,150.1301113044673,-33.83204270242031,19.90300494634894
150.51504444469847,-33.67028849385646,150.11282683643532,-33.77232867888649,8.534435671810087
150.4973426768955,-33.610538339781165,150.0953766194199,-33.7125093797232,5.747140331767308
150.47941666279434,-33.55065966686867,150.07770176029914,-33.652560944132404,24.558583794858464
150.46200237563798,-33.490937115735576,150.0605377768213,-33.59277038085539,10.457217358430006
150.44473075944302,-33.43107662428958,150.04351653723708,-33.532842441098715,19.552491391904702
150.42687684880732,-33.37116439093186,150.0259118407124,-33.472860988510064,12.689523201869124
150.40970428506523,-33.31147896779207,150.00898751844892,-33.41310863165386,22.188504050525097
150.39205793082303,-33.25160479815085,149.991589000935,-33.35316611435552,6.136783999172142
150.37479216349453,-33.19173275712251,149.97457077698462,-33.293227047201455,20.924996945468738
150.35721866976994,-33.13178157127557,149.95724411392843,-33.233207954703126,12.746179169789754
150.33988166473273,-33.07208551527125,149.94015234152042,-33.1734448426709,12.056853366640356
150.3222697790405,-33.01215739829334,149.9227857090007,-33.11344890242238,13.551647706973325
150.3051209301271,-32.95240337018188,149.90588114419674,-33.05362862306546,9.475847524294961
150.28748499395613,-32.89240598923165,149.88848932092208,-32.993563551489196,28.937384054001406
150.27053287960638,-32.83247638959051,149.8717810756057,-32.93356853245482,13.200080832693002
150.2532492577283,-32.77267086679331,149.8547396893814,-32.87369663617899,6.391578791992259
150.2361860075836,-32.71300703575341,149.83791758999638,-32.81396722642245,21.00560723625821
150.2190277394622,-32.652877787512196,149.8210017216475,-32.753772213308466,16.78357097534579
150.20187285693638,-32.59303850583488,149.80408725737965,-32.693867270771584,14.356135471890006
150.18428907821362,-32.53332707166671,149.78674216139854,-32.63408892485197,33.09729577517351
150.16756121675309,-32.47330760709028,149.77025458355982,-32.574005351649944,5.378364005857003
150.150377408201,-32.41341363674211,149.7533093061089,-32.514045937553234,5.727041163306113
150.13351222763333,-32.35346078534941,149.73668256724287,-32.454028744450525,11.762938702773885
150.1161976287013,-32.29364223747309,149.71960463901559,-32.39414454633262,18.309503890578323
150.09942555044816,-32.233729976357395,149.7030695399031,-32.33416843532224,6.587777725399879
150.08274758698002,-32.17380157408348,149.6866280349228,-32.27417657636675,29.56991916559418
150.06549543411617,-32.11373565698644,149.66961161741136,-32.21404551914341,11.501512462347588
150.04897086997264,-32.053685598011484,149.6533228176011,-32.15393268406256,42.74080975634104
150.0317833595708,-31.9939255623435,149.63636842531668,-32.09410790646325,8.078307870649418
150.01508899576817,-31.93412377695982,149.61990720888576,-32.03424301162259,21.08014175995046
149.99815476706596,-31.87412379195282,149.6032060316752,-31.97417928129914,8.698790920121132
149.98131534061304,-31.81431879906634,149.58659824928682,-31.914310932893144,17.306605038150444
149.96451145766557,-31.754344349609628,149.5700260875504,-31.854273344023575,13.809251526404477
149.9477703803983,-31.694089339476097,149.55351730069208,-31.793955497151362,19.859440550995448
149.9312546492102,-31.634398102965022,149.53723104638433,-31.734202201836062,21.15192485238601
149.91427987967953,-31.5742644694188,149.52048645109994,-31.674005213816297,12.995635552317134
149.89726228129277,-31.514275054258757,149.50369770326085,-31.61395241344925,44.622578306759934
149.88127960476623,-31.454408834436926,149.4879437796506,-31.55402607215135,18.853206114445662
149.86455773540885,-31.394459635499416,149.47144956154222,-31.494014593954944,7.86900398521973
149.84791903831777,-31.334373696752913,149.45503850003746,-31.433866735394087,10.542897519104983
149.83139226281955,-31.27459195312916,149.43873755120745,-31.374023505881286,12.617018806357706
149.81500127098863,-31.21474518465881,149.42257213249727,-31.314115766391136,32.26836341552983
149.79834054411538,-31.154456071587653,149.40613785155242,-31.253764976692874,6.121305180817037
149.78182751021512,-31.094465377630968,149.3898495257028,-31.193713147671062,5.766104288070871
149.76529330865876,-31.034496750264825,149.3735392587234,-31.133683422275997,10.480378759709327
149.74922010008117,-30.974623812836203,149.3576894087711,-31.073750876089978,26.125466159799377
149.7327077660192,-30.914509744411518,149.34140030387692,-31.01357598122286,11.877228733821694
149.71604817888738,-30.854464732157666,149.32496285733606,-30.953469800494304,16.18516238515278
149.69959899399507,-30.794385386205516,149.30873550979572,-30.89333002206962,27.898041018396572
149.68363170145773,-30.734419878668778,149.29298942959042,-30.833305624121518,8.873440861911128
149.66767188003416,-30.674326558373956,149.27725068582905,-30.773153536501617,41.52016639137823
149.65089921255384,-30.61441263461709,149.26069690597774,-30.71317851256549,8.700635020422562
149.63451643548086,-30.554334598399127,149.24453341653248,-30.653040648078715,22.59294540163907
149.61866114703713,-30.494518871432614,149.22889625293584,-30.593166757043416,23.630654675958617
149.60227833731338,-30.43432609506808,149.21273188968013,-30.532914357506144,6.424503294450212
149.5862197090692,-30.37428665426477,149.19689077663506,-30.47281635309157,5.978902476164436
149.5699726977399,-30.31412640179247,149.18086092380614,-30.41259708250257,10.294380597256174
149.55410879598264,-30.25405999120166,149.1652135458632,-30.35247288468488,21.798777324084174
149.537832359159,-30.193956134646243,149.14915272901774,-30.292310123769596,15.725991967640622
149.5214024153008,-30.134059064536206,149.13293680748131,-30.232353794815175,33.49945405435418
149.50578770435692,-30.074159532365474,149.11753629393314,-30.172397503403328,22.24669281885516
149.48960595423378,-30.01386211444907,149.10156909325218,-30.1120417697228,9.012779251375761
149.47353857953448,-29.953756663975668,149.08571499686022,-30.051878435726458,16.922242020367033
149.45745390974972,-29.89368305396474,149.06984283066706,-29.991746992208512,27.009321573202907
149.44192742099574,-29.833612318208353,149.0545287419358,-29.93162015298517,16.30360445341666
149.42607581078423,-29.773640922875686,149.0388882031521,-29.871591801120726,22.330770031135238
149.4099744585755,-29.713444556911647,149.0229979125504,-29.81133785817829,6.627423361864836
149.39400451451294,-29.65332563928981,149.0072382305715,-29.751161845532508,11.857875866385967
149.37813377469217,-29.59312167706324,148.99157754238817,-29.690901179239763,23.22197853496321
149.36227398253752,-29.5331878929119,148.97592616082383,-29.63091081654942,12.909947622799104
149.3467521053463,-29.472978375218972,148.9606134343596,-29.57064580325415,20.618555689654148
149.3309560885238,-29.41300252325533,148.94502480148685,-29.510613757565928,13.011353282528434
149.31502917711333,-29.352819969465873,148.92930530596178,-29.45037473936852,8.53188079108391
149.29934376166088,-29.292794856961113,148.91382632321998,-29.390293953854144,2.4892363678441165
149.28357018594835,-29.23279116898303,148.89825839931356,-29.330234439584917,16.104903038462222
149.2678102532529,-29.1725498091024,148.8827043987979,-29.26993739929339,12.845901965210759
149.25242583175006,-29.112331478110242,148.86752555503796,-29.209664560318526,16.469727187426138
149.23656458284427,-29.052292385421026,148.85186815834146,-29.14956969385591,7.586307961739052
149.2210491109454,-28.992227547720425,148.83655634281155,-29.089450169022644,10.219052170007679
149.20564604537876,-28.932019892501526,148.82135694953638,-29.029188248417373,21.182387228231566
149.19010123588274,-28.87176027873909,148.80601525708573,-28.968874067026583,25.897215908074074
149.17402804661344,-28.811685943628888,148.79014340930883,-28.90874376512666,27.944118697479578
149.15881496059436,-28.751751832152543,148.77513133778803,-28.848756217318158,21.288481591304947
149.1433041029301,-28.691447266552835,148.75982196118647,-28.788397482087028,4.727451789566413
149.12775967398989,-28.631289224973564,148.74447784251564,-28.728185273026785,6.292086110991937
149.1124469428378,-28.571091502409455,148.7293651697471,-28.667934135098395,9.537961548422919
149.09711320751438,-28.511042916893878,148.7142303316149,-28.607832170234765,23.445388556047096
149.0816605675532,-28.450601715654606,148.6989772874031,-28.54733736542472,23.066285778205323
149.06633655235333,-28.390561265265017,148.68385094417033,-28.487243761253985,22.096019960638476
149.05052337059948,-28.33043220311762,148.66823471303817,-28.427060283741124,21.900746443761648
149.03507180455333,-28.270151595336426,148.6529803632507,-28.366726374424932,33.23889262579995
149.0197550775718,-28.210067265959896,148.63785967805234,-28.306589214073398,31.55355048935824
149.00482077878715,-28.149945707980383,148.6231212975527,-28.24641598520479,10.767480452318402
148.9893314037905,-28.089749490196265,148.60782701539588,-28.18616665941266,18.337031218928672
