Satellite 1
1 00001U 21001A   21274.00000000  .00000000  00000-0  50000-4 0  9991
2 00001  104.0000  234.5000  0012306  100.0000  100.0000  14.99449996

Satellite 2
1 00002U 21001A   21274.00000000  .00000000  00000-0  50000-4 0  9992
2 00002  104.0000  233.9000  0012306  100.0000  101.0000  14.99449996

Satellite 3
1 00003U 21001A   21274.00000000  .00000000  00000-0  50000-4 0  9993
2 00003  104.0000  233.3000  0012306  100.0000  102.0000  14.99449996 

Satellite 4
1 00004U 21001A   21274.00000000  .00000000  00000-0  50000-4 0  9994
2 00004  104.0000  232.7000  0012306  100.0000  103.0000  14.99449996 

Satellite 5
1 00005U 21001A   21274.00000000  .00000000  00000-0  50000-4 0  9995
2 00005  104.0000  232.1000  0012306  100.0000  104.0000  14.99449996

Satellite 6
1 00006U 21001A   21274.00000000  .00000000  00000-0  50000-4 0  9996
2 00006  104.0000  231.5000  0012306  100.0000  105.0000  14.99449996 

Satellite 7
1 00007U 21001A   21274.00000000  .00000000  00000-0  50000-4 0  9997
2 00007  104.0000  411.8000  0012306  100.0000  101.0000  14.99449996

Satellite 8
1 00008U 21001A   21274.00000000  .00000000  00000-0  50000-4 0  9998
2 00008  104.0000  411.2000  0012306  100.0000  102.0000  14.99449996 

Satellite 9
1 00009U 21001A   21274.00000000  .00000000  00000-0  50000-4 0  9999
2 00009  104.0000  410.6000  0012306  100.0000  103.0000  14.99449996

Satellite 10
1 00010U 21001A   21274.00000000  .00000000  00000-0  50000-4 0  9990
2 00010  104.0000  410.0000  0012306  100.0000  104.0000  14.99449996 

Satellite 11
1 00011U 21001A   21274.00000000  .00000000  00000-0  50000-4 0  9991
2 00011  104.0000  409.4000  0012306  100.0000  105.0000  14.99449996

Satellite 12
1 00012U 21001A   21274.00000000  .00000000  00000-0  50000-4 0  9992
2 00012  104.0000  408.8000  0012306  100.0000  106.0000  14.99449996
