NAVSTAR 43 (USA 132)    
1 24876U 97035A   23294.96146948  .00000071  00000+0  00000+0 0  9994
2 24876  55.5998 136.4835 0074387  53.2935 307.4632  2.00564336192316

NAVSTAR 47 (USA 150)    
1 26360U 00025A   23294.91885635 -.00000021  00000+0  00000+0 0  9991
2 26360  54.4730  58.6557 0041853 202.1460 217.7122  2.00567360171835

NAVSTAR 51 (USA 166)    
1 27663U 03005A   23294.92429022  .00000015  00000+0  00000+0 0  9996
2 27663  55.2217 253.5175 0133705  44.9679 357.7682  2.00563166151873

NAVSTAR 52 (USA 168)    
1 27704U 03010A   23295.12562760 -.00000082  00000+0  00000+0 0  9993
2 27704  55.1150   3.4423 0249856 319.7306  87.7366  2.00553209150669

NAVSTAR 54 (USA 177)    
1 28190U 04009A   23294.88622735 -.00000017  00000+0  00000+0 0  9991
2 28190  55.6540 314.5776 0092327 140.6773  31.1427  2.00565739143509

NAVSTAR 56 (USA 180)    
1 28474U 04045A   23295.13673059 -.00000081  00000+0  00000+0 0  9991
2 28474  55.4426   3.7796 0163582 283.7289 122.8338  2.00556359138980

ANIK F1R                
1 28868U 05036A   23294.90257753 -.00000072  00000+0  00000+0 0  9992
2 28868   1.8103  88.3982 0001835  69.6928  89.6554  1.00271395 36736

NAVSTAR 57 (USA 183)    
1 28874U 05038A   23294.73693175 -.00000013  00000+0  00000+0 0  9999
2 28874  55.7045 312.0368 0140398 280.4028 166.3862  2.00572154132395

INMARSAT 4-F2           
1 28899U 05044A   23294.98991223 -.00000334  00000+0  00000+0 0  9991
2 28899   3.9158  41.0947 0003212 190.5591 249.3620  1.00837116 65786

NAVSTAR 58 (USA 190)    
1 29486U 06042A   23294.79483267  .00000010  00000+0  00000+0 0  9996
2 29486  54.6799 189.7752 0104180  33.7613 355.8195  2.00567205124951

NAVSTAR 59 (USA 192)    
1 29601U 06052A   23294.67789357  .00000017  00000+0  00000+0 0  9999
2 29601  55.2441 252.4898 0084112  79.4986 281.4402  2.00551981123961

NAVSTAR 60 (USA 196)    
1 32260U 07047A   23294.49372653  .00000067  00000+0  00000+0 0  9991
2 32260  53.4878 120.1856 0152713  71.8068 289.9048  2.00549147117362