Satellite 1
1 00100U 22001A   23001.00000000  .00000000  00000-0  00000-0 0  9990
2 00100 104.0000   63.0000 0.0012306 100.0000 100.0000 14.9945  00004

Satellite 2
1 00101U 22002A   23001.00000000  .00000000  00000-0  00000-0 0  9991
2 00101 104.0000   62.3000 0.0012306 100.0000  98.5000 14.9945  00002

Satellite 3
1 00102U 22003A   23001.00000000  .00000000  00000-0  00000-0 0  9992
2 00102 104.0000   61.6000 0.0012306 100.0000  97.0000 14.9945  00008

Satellite 4
1 00103U 22004A   23001.00000000  .00000000  00000-0  00000-0 0  9993
2 00103 104.0000   60.9000 0.0012306 100.0000  95.5000 14.9945  00006

Satellite 5
1 00104U 22005A   23001.00000000  .00000000  00000-0  00000-0 0  9994
2 00104 104.0000   60.2000 0.0012306 100.0000  94.0000 14.9945  00001

Satellite 6
1 00105U 22006A   23001.00000000  .00000000  00000-0  00000-0 0  9995
2 00105 104.0000   59.5000 0.0012306 100.0000  92.5000 14.9945  00007

Satellite 7
1 00106U 22007A   23001.00000000  .00000000  00000-0  00000-0 0  9996
2 00106 104.0000  233.3000 0.0012306 100.0000  99.3000 14.9945  00009

Satellite 8
1 00107U 22008A   23001.00000000  .00000000  00000-0  00000-0 0  9997
2 00107 104.0000  232.6000 0.0012306 100.0000  99.3000 14.9945  00000

Satellite 9
1 00108U 22009A   23001.00000000  .00000000  00000-0  00000-0 0  9998
2 00108 104.0000  231.9000 0.0012306 100.0000  99.3000 14.9945  00005

Satellite 10
1 00109U 22010A   23001.00000000  .00000000  00000-0  00000-0 0  9999
2 00109 104.0000  231.2000 0.0012306 100.0000  99.3000 14.9945  00003

Satellite 11
1 00110U 22011A   23001.00000000  .00000000  00000-0  00000-0 0  9990
2 00110 104.0000  230.5000 0.0012306 100.0000  99.3000 14.9945  00001

Satellite 12
1 00111U 22012A   23001.00000000  .00000000  00000-0  00000-0 0  9991
2 00111 104.0000  229.8000 0.0012306 100.0000  99.3000 14.9945  00007
